  ++++++++++++++++++++++++++++++++++++++++++++++++++++
  +                                                  +
  +      INFORMATION FROM SUB. READ_GRID_USER        +
  +      ====================================        +
  +                                                  +
  + THE GRID USER FILE COULD BE OPENED.              +
  + BUT DOES NOT CONTAIN THE PRINT NAMELIST.         +
  + GRID USER FILE NAME IS FILE05 = Grid_User
  +         UNIT IS         IU05 =           55
  +                                                  +
  *   PROGRAM TRIES FOR FIXED FORMATTED TEXT FILE    +
  +                                                  +
  ++++++++++++++++++++++++++++++++++++++++++++++++++++
1
  USER INPUT PROG. PRINT_GRID_FILE:
   
  START  DATE (FORMAT:YYYYMMDDHHMMSS) : 19780908060000 END DATE :19780908060000
   
  OUTPUT EVERY        10800  SECONDS
   
  INPUT FILE HANDLING:
  FILE ID IS ..................... 
 ../MAP                                                                         
  
  THE FIRST FILE DATE IS ......... 19780908060000
  A NEW FILE WILL BE FETCHED EVERY        10800  SECONDS
   
  LIST OF OUTPUTS TO BE GENERATED:
   
  SIGNIFICANT WAVE HEIGHT ( METRES )               
   
  REDUCED GRIDS ARE INTERPOLATED TO REGULAR GRIDS
   
  SUB. OPEN_FILE: A FILE WAS CONNECTED TO UNIT =          20  FILE NAME IS: 
 ../MAP19780908060000
  
  INPUT DATA ARE ON A REGULAR GRID
  
1    19780908060000   SIGNIFICANT WAVE HEIGHT ( METRES ) MULTIPLIED BY:   10.00000     PAGE  1

  LONGITUDE IS FROM +000:00:00.00 TO +014:30:00.00
  LATITUDE  IS FROM +010:30:00.00 TO -009:30:00.00
       1   2   3   4   5   6   7   8   9  10  11  12  13  14  15  16  17  18  19  20  21  22  23  24  25  26  27  28  29  30
  41****  81  84  86  87  88  89  90  91  91  92  92  92  92  92  92  92  92  92  92  92  92  92  92  92  92  92  92  92  92
  40****  81  83  85  87  88  89  90  91  91  91  91  92  92  92  92  92  92  92  92  92  92  92  92  92  92  92  92  92  91
  39****  81  83  85  87  88  89  90  90  91  91  91  91  92  92  92  92  92  92  92  92  92  92  92  92  92  92  92  91  91
  38****  81  83  85  87  88  89  90  90  91  91  91  91  91  91  92  92  92  92  92  92  92  92  92  92  92  91  91  91  91
  37****  81  83  85  86  88  89  90  90  91  91  91  91  91  91  91  91  91  92  92  92  92  92  91  91  91  91  91  91  91
  36****  81  83  85  86  88  89  90  90  91  91  91  91  91  91  91  91  91  91  91  91  91  91  91  91  91  91  91  91  91
  35****  81  83  85  86  88  89  89  90  90  91  91  91  91  91  91  91  91  91  91  91  91  91  91  91  91  91  91  91  91
  34****  80  83  85  86  87  88  89  90  90  90  91  91  91  91  91  91  91  91  91  91  91  91  91  91  91  91  91  91  91
  33****  80  83  84  86  87  88  89  90  90  90  90  90  90  90  91  91  91  91  91  91  91  91  91  91  91  90  90  90  90
  32****  80  83  84  86  87  88  89  89  90  90  90  90  90  90  90  90  90  90  90  90  90  90  90  90  90  90  90  90  90
  31****  80  82  84  86  87  88  89  89  89  90  90  90  90  90  90  90  90  90  90  90  90  90  90  90  90  90  90  90  90
  30****  80  82  84  85  87  88  88  89  89  89  89  90  90  90  90  90  90  90  90  90  90  90  90  90  90  90  90  90  89
  29****  79  82  84  85  86  87  88  89  89  89  89  89  89  89  89  89  90  90  90  90  90  90  90  89  89  89  89  89  89
  28****  79  82  83  85  86  87  88  88  89  89  89  89  89  89  89  89  89  89  89  89  89  89  89  89  89  89  89  89  89
  27****  79  82  83  85  86  87  87  88  88  88  88  89  89  89  89  89  89  89  89  89  89  89  89  89  89  89  89  89  88
  26****  79  81  83  84  85  86  87  88  88  88  88  88  88  88  88  88  89  89  89  89  89  89  89  88  88  88  88  88  88
  25****  78  81  83  84  85  86  87  87  87  88  88  88  88  88  88  88  88  88  88  88  88  88  88  88  88  88  88  88  88
  24****  78  81  82  84  85  86  86  87  87  87  87  87  87  87  87  88  88  88  88  88  88  88  88  88  87  87  87  87  87
  23****  77  80  82  83  84  85  86  86  86  86  87  87  87  87  87  87  87  87  87  87  87  87  87  87  87  87  87  87  87
  22****  77  80  82  83  84  85  85  86  86  86  86  86  86  86  86  86  87  87  87  87  87  87  87  86  86  86  86  86  86
  21****  76  79  81  83  83  84  85  85  85  85  85  85  86  86  86  86  86  86  86  86  86  86  86  86  86  86  86  85  85
  20****  76  79  81  82  83  83  84  84  84  85  85  85  85  85  85  85  85  85  85  85  85  85  85  85  85  85  85  85  85
  19****  75  78  80  82  82  83  83  84  84  84  84  84  84  84  84  85  85  85  85  85  85  85  85  85  84  84  84  84  84
  18****  75  78  80  81  82  82  83  83  83  83  83  83  84  84  84  84  84  84  84  84  84  84  84  84  84  84  84  83  83
  17****  74  77  79  80  81  82  82  82  82  82  83  83  83  83  83  83  83  83  83  83  83  83  83  83  83  83  83  83  83
  16****  73  77  78  80  80  81  81  81  82  82  82  82  82  82  82  82  82  83  83  83  83  83  82  82  82  82  82  82  82
  15****  73  76  78  79  80  80  80  81  81  81  81  81  81  81  81  82  82  82  82  82  82  82  82  82  81  81  81  81  81
  14****  72  75  77  78  79  79  79  80  80  80  80  80  80  80  81  81  81  81  81  81  81  81  81  81  81  80  80  80  80
  13****  71  74  76  77  78  78  78  79  79  79  79  79  79  79  80  80  80  80  80  80  80  80  80  80  80  79  79  79  79
  12****  70  73  75  76  77  77  77  77  78  78  78  78  78  78  78  78  78  78  79  79  79  78  78  78  78  78  78  78  78
  11****  69  72  74  75  75  76  76  76  76  76  77  77  77  77  77  77  77  77  77  77  77  77  77  77  77  77  77  77  77
  10****  68  71  73  74  74  74  74  75  75  75  75  75  75  75  75  76  76  76  76  76  76  76  76  76  75  75  75  75  75
   9****  66  70  71  72  72  73  73  73  73  73  73  74  74  74  74  74  74  74  74  74  74  74  74  74  74  74  74  74  73
   8****  65  68  70  70  71  71  71  71  71  72  72  72  72  72  72  72  72  72  72  72  72  72  72  72  72  72  72  72  72
   7****  63  66  68  68  69  69  69  69  69  69  69  70  70  70  70  70  70  70  70  70  70  70  70  70  70  70  70  70  69
   6****  61  64  65  66  66  66  67  67  67  67  67  67  67  67  67  67  67  67  67  67  67  67  67  67  67  67  67  67  67
   5****  59  62  63  63  63  64  64  64  64  64  64  64  64  64  64  64  64  64  64  64  64  64  64  64  64  64  64  64  64
   4****  56  59  59  60  60  60  60  60  60  60  60  60  60  60  60  60  60  60  60  60  60  60  60  60  60  60  60  60  60
   3****  52  54  55  55  55  55  55  55  55  55  55  55  55  55  55  55  55  55  55  55  55  55  55  55  55  55  55  55  55
   2****  47  48  48  49  49  49  49  49  49  49  49  49  49  49  49  49  49  49  49  49  49  49  49  49  49  49  49  49  49
   1****  38  38  37  38  38  38  38  38  38  38  38  38  38  38  38  38  38  38  38  38  38  38  38  38  38  38  38  38  38
1    19780908060000   SIGNIFICANT WAVE HEIGHT ( METRES ) MULTIPLIED BY:   10.00000     PAGE  2

  LONGITUDE IS FROM +015:00:00.00 TO +020:00:00.00
  LATITUDE  IS FROM +010:30:00.00 TO -009:30:00.00
      31  32  33  34  35  36  37  38  39  40  41
  41  92  91  91  90  89  88  87  86  84  81****
  40  91  91  91  90  89  88  87  85  83  81****
  39  91  91  90  90  89  88  87  85  83  81****
  38  91  91  90  90  89  88  87  85  83  81****
  37  91  91  90  90  89  88  86  85  83  81****
  36  91  91  90  90  89  88  86  85  83  81****
  35  91  90  90  89  89  88  86  85  83  81****
  34  90  90  90  89  88  87  86  85  83  80****
  33  90  90  90  89  88  87  86  84  83  80****
  32  90  90  89  89  88  87  86  84  83  80****
  31  90  89  89  89  88  87  86  84  82  80****
  30  89  89  89  88  88  87  85  84  82  80****
  29  89  89  89  88  87  86  85  84  82  79****
  28  89  89  88  88  87  86  85  83  82  79****
  27  88  88  88  87  87  86  85  83  82  79****
  26  88  88  88  87  86  85  84  83  81  79****
  25  88  87  87  87  86  85  84  83  81  78****
  24  87  87  87  86  86  85  84  82  81  78****
  23  86  86  86  86  85  84  83  82  80  77****
  22  86  86  86  85  85  84  83  82  80  77****
  21  85  85  85  85  84  83  83  81  79  76****
  20  85  84  84  84  83  83  82  81  79  76****
  19  84  84  84  83  83  82  82  80  78  75****
  18  83  83  83  83  82  82  81  80  78  75****
  17  82  82  82  82  82  81  80  79  77  74****
  16  82  82  81  81  81  80  80  78  77  73****
  15  81  81  81  80  80  80  79  78  76  73****
  14  80  80  80  79  79  79  78  77  75  72****
  13  79  79  79  78  78  78  77  76  74  71****
  12  78  78  77  77  77  77  76  75  73  70****
  11  76  76  76  76  76  75  75  74  72  69****
  10  75  75  75  74  74  74  74  73  71  68****
   9  73  73  73  73  73  72  72  71  70  66****
   8  72  71  71  71  71  71  70  70  68  65****
   7  69  69  69  69  69  69  68  68  66  63****
   6  67  67  67  67  66  66  66  65  64  61****
   5  64  64  64  64  64  63  63  63  62  59****
   4  60  60  60  60  60  60  60  59  59  56****
   3  55  55  55  55  55  55  55  55  54  52****
   2  49  49  49  49  49  49  49  48  48  47****
   1  38  38  38  38  38  38  38  37  38  38****
